10000 0.041410 5 0.063346 0.041458 0.046227 0.032300 0.023721
20000 0.035649 5 0.039674 0.052908 0.030998 0.032052 0.022613
30000 0.046979 5 0.052828 0.048047 0.037580 0.044277 0.052164
40000 0.065156 5 0.069222 0.059370 0.079189 0.060617 0.057381
50000 0.065004 5 0.054939 0.069715 0.089292 0.050280 0.060794
60000 0.080905 5 0.082818 0.083863 0.079834 0.078984 0.079028
70000 0.087379 5 0.082930 0.087267 0.102536 0.079449 0.084713
80000 0.092522 5 0.086557 0.111744 0.096063 0.075074 0.093169
90000 0.100745 5 0.102823 0.096103 0.091085 0.105040 0.108675
100000 0.112993 5 0.098098 0.117012 0.116100 0.102230 0.131524
110000 0.121128 5 0.127689 0.116902 0.107007 0.098396 0.155648
120000 0.144771 5 0.141533 0.146080 0.142812 0.151539 0.141889
130000 0.136245 5 0.143467 0.142949 0.132039 0.140368 0.122401
140000 0.158401 5 0.167838 0.152298 0.154802 0.163987 0.153078
150000 0.173381 5 0.170964 0.196498 0.152973 0.195145 0.151323
160000 0.180334 5 0.182369 0.150598 0.197464 0.181695 0.189545
170000 0.187998 5 0.174294 0.166177 0.198453 0.203718 0.197347
180000 0.191158 5 0.167012 0.204280 0.176016 0.211444 0.197036
190000 0.210288 5 0.225468 0.197949 0.228573 0.195078 0.204372
200000 0.190267 5 0.164296 0.183943 0.197513 0.202714 0.202867
210000 0.198321 5 0.214792 0.193904 0.197774 0.179241 0.205891
220000 0.247589 5 0.217534 0.232539 0.285144 0.238760 0.263968
230000 0.279112 5 0.250175 0.237516 0.291167 0.305813 0.310890
240000 0.264571 5 0.280815 0.289923 0.247455 0.284473 0.220188
250000 0.272042 5 0.273088 0.243917 0.289467 0.269692 0.284049
260000 0.275053 5 0.304940 0.296159 0.262665 0.268975 0.242527
270000 0.324630 5 0.286029 0.343132 0.316344 0.351377 0.326268
280000 0.315353 5 0.317885 0.338593 0.318675 0.326361 0.275249
290000 0.337334 5 0.317045 0.366615 0.351952 0.338487 0.312571
300000 0.351318 5 0.362798 0.338910 0.319211 0.336184 0.399484
310000 0.334002 5 0.356311 0.339571 0.317516 0.299493 0.357119
320000 0.329661 5 0.331292 0.335186 0.360686 0.316935 0.304207
330000 0.383511 5 0.338822 0.402105 0.407329 0.390034 0.379268
340000 0.383817 5 0.436888 0.406062 0.366924 0.378040 0.331172
350000 0.375980 5 0.402353 0.374626 0.393488 0.357605 0.351827
360000 0.429367 5 0.418070 0.489203 0.460653 0.345756 0.433154
370000 0.427140 5 0.430163 0.374768 0.469694 0.434525 0.426548
380000 0.443851 5 0.415580 0.491450 0.461651 0.442359 0.408217
390000 0.371526 5 0.370934 0.366348 0.385062 0.358459 0.376830
400000 0.409001 5 0.436174 0.396612 0.376887 0.429876 0.405455
410000 0.418804 5 0.455971 0.396873 0.373344 0.412666 0.455166
420000 0.410078 5 0.459507 0.408133 0.366993 0.400632 0.415127
430000 0.429065 5 0.423930 0.417745 0.418946 0.405509 0.479194
440000 0.446005 5 0.448304 0.480760 0.427098 0.418401 0.455462
450000 0.489983 5 0.515630 0.479360 0.500066 0.450559 0.504299
460000 0.524771 5 0.556424 0.471919 0.547211 0.512394 0.535906
470000 0.484679 5 0.466521 0.474480 0.458005 0.530404 0.493985
480000 0.481614 5 0.474789 0.444919 0.459372 0.536252 0.492738
490000 0.560733 5 0.571064 0.575534 0.567130 0.554587 0.535347
500000 0.508428 5 0.530196 0.557900 0.507098 0.473208 0.473741
