10000 0.006031 5 0.006223 0.006046 0.005950 0.005956 0.005981
20000 0.017180 5 0.016688 0.017344 0.017283 0.017292 0.017294
30000 0.027441 5 0.026083 0.027561 0.027706 0.027971 0.027883
40000 0.037989 5 0.036632 0.038338 0.038205 0.038326 0.038446
50000 0.044860 5 0.043762 0.045216 0.045249 0.045012 0.045059
60000 0.041182 5 0.041211 0.040694 0.040585 0.041315 0.042102
70000 0.050446 5 0.050495 0.050139 0.050370 0.050581 0.050647
80000 0.057363 5 0.056651 0.056788 0.059675 0.056794 0.056907
90000 0.061990 5 0.062000 0.061642 0.061844 0.062176 0.062289
100000 0.068324 5 0.068871 0.068198 0.067761 0.068042 0.068748
110000 0.078177 5 0.077650 0.077875 0.078177 0.078494 0.078689
120000 0.087884 5 0.088525 0.087220 0.087623 0.088021 0.088030
130000 0.098229 5 0.097726 0.097757 0.098324 0.098667 0.098668
140000 0.108666 5 0.107597 0.108191 0.108788 0.108903 0.109851
150000 0.115760 5 0.114020 0.115216 0.116063 0.116925 0.116578
160000 0.124352 5 0.120905 0.130003 0.123573 0.123710 0.123567
170000 0.128153 5 0.126137 0.127834 0.128206 0.128484 0.130101
180000 0.133725 5 0.132628 0.133308 0.133901 0.134401 0.134388
190000 0.140759 5 0.138063 0.139357 0.140469 0.144985 0.140921
200000 0.150061 5 0.148352 0.150924 0.149804 0.150429 0.150796
210000 0.157802 5 0.156304 0.157857 0.158118 0.158493 0.158241
220000 0.168854 5 0.166554 0.168812 0.169212 0.169613 0.170079
230000 0.179085 5 0.178006 0.179428 0.179112 0.179360 0.179517
240000 0.189554 5 0.188267 0.189599 0.190188 0.190455 0.189259
250000 0.200213 5 0.198079 0.200372 0.200914 0.200857 0.200844
260000 0.211706 5 0.209044 0.212358 0.212522 0.212281 0.212325
270000 0.224612 5 0.224049 0.224532 0.224978 0.225128 0.224373
280000 0.242705 5 0.233325 0.235039 0.235543 0.275687 0.233931
290000 0.244814 5 0.243390 0.244779 0.244737 0.245209 0.245957
300000 0.250392 5 0.249899 0.250158 0.250725 0.250000 0.251176
310000 0.279834 5 0.256044 0.261478 0.312636 0.285028 0.283985
320000 0.280109 5 0.296896 0.274122 0.276091 0.276962 0.276473
330000 0.277159 5 0.276815 0.277865 0.277205 0.276963 0.276947
340000 0.283936 5 0.283917 0.284021 0.283907 0.284281 0.283552
350000 0.289379 5 0.288870 0.289273 0.289722 0.289791 0.289238
360000 0.310110 5 0.295677 0.295785 0.352555 0.299753 0.306781
370000 0.313936 5 0.313548 0.313878 0.314182 0.314301 0.313769
380000 0.320507 5 0.322198 0.320330 0.319858 0.320039 0.320111
390000 0.324301 5 0.325080 0.323525 0.324446 0.323902 0.324553
400000 0.341576 5 0.336480 0.336200 0.336799 0.336677 0.361726
410000 0.385247 5 0.468911 0.393094 0.373032 0.344631 0.346565
420000 0.350544 5 0.349257 0.349895 0.351373 0.351292 0.350901
430000 0.360951 5 0.359303 0.361134 0.361578 0.360919 0.361819
440000 0.370782 5 0.369706 0.370873 0.370527 0.370945 0.371859
450000 0.383773 5 0.380543 0.383178 0.384751 0.385182 0.385210
460000 0.395877 5 0.393438 0.396041 0.395950 0.397321 0.396633
470000 0.409066 5 0.407064 0.409148 0.408814 0.410603 0.409700
480000 0.416952 5 0.414749 0.417245 0.416777 0.417761 0.418229
490000 0.425391 5 0.424191 0.425463 0.425548 0.425424 0.426327
500000 0.438514 5 0.437413 0.438413 0.438718 0.438419 0.439608
