10000 0.013100 5 0.014104 0.013255 0.012413 0.012491 0.013237
20000 0.029716 5 0.027259 0.026813 0.029953 0.036557 0.027997
30000 0.041029 5 0.040987 0.041250 0.040239 0.041063 0.041605
40000 0.057563 5 0.060052 0.056498 0.057604 0.056797 0.056865
50000 0.070656 5 0.076348 0.068475 0.067744 0.069521 0.071193
60000 0.086805 5 0.086521 0.086865 0.086747 0.085939 0.087955
70000 0.114646 5 0.110693 0.110950 0.118445 0.120707 0.112433
80000 0.126462 5 0.123205 0.124357 0.125959 0.136824 0.121962
90000 0.135029 5 0.137117 0.136374 0.134583 0.134353 0.132720
100000 0.157271 5 0.152221 0.160887 0.156680 0.158114 0.158453
110000 0.182288 5 0.180042 0.180655 0.191863 0.179831 0.179051
120000 0.201375 5 0.196945 0.200157 0.205551 0.200076 0.204148
130000 0.222872 5 0.224685 0.223455 0.223301 0.220219 0.222699
140000 0.257443 5 0.254913 0.263601 0.249636 0.271511 0.247553
150000 0.277718 5 0.276583 0.289562 0.277040 0.275315 0.270088
160000 0.287239 5 0.284049 0.288044 0.284393 0.289585 0.290124
170000 0.312892 5 0.328449 0.317979 0.296935 0.327970 0.293125
180000 0.297489 5 0.311675 0.302668 0.283456 0.289958 0.299689
190000 0.299254 5 0.295759 0.298316 0.294252 0.312933 0.295009
200000 0.316983 5 0.309331 0.315088 0.314348 0.310143 0.336005
210000 0.336820 5 0.329851 0.330797 0.331000 0.337919 0.354533
220000 0.357837 5 0.352292 0.351203 0.351515 0.383080 0.351094
230000 0.387394 5 0.367966 0.405312 0.407178 0.373502 0.383013
240000 0.409668 5 0.469534 0.390674 0.391473 0.401673 0.394987
250000 0.424204 5 0.422174 0.421664 0.429113 0.430272 0.417797
260000 0.431999 5 0.439543 0.424149 0.430506 0.435584 0.430210
270000 0.476085 5 0.464816 0.475056 0.466876 0.459835 0.513843
280000 0.493572 5 0.493758 0.495249 0.488341 0.500849 0.489663
290000 0.523611 5 0.536849 0.514782 0.543231 0.514600 0.508592
300000 0.524754 5 0.525071 0.530979 0.518694 0.530167 0.518858
310000 0.550718 5 0.544185 0.542295 0.564005 0.543529 0.559576
320000 0.596309 5 0.568650 0.560845 0.553607 0.654550 0.643894
330000 0.644461 5 0.688727 0.632137 0.616861 0.620700 0.663878
340000 0.621731 5 0.637818 0.614335 0.643336 0.641631 0.571534
350000 0.636311 5 0.596587 0.652278 0.675813 0.627724 0.629154
360000 0.649177 5 0.672765 0.599745 0.609048 0.634190 0.730139
370000 0.614766 5 0.624349 0.610361 0.616362 0.605859 0.616902
380000 0.659047 5 0.683522 0.676023 0.623921 0.681209 0.630558
390000 0.637508 5 0.646610 0.634098 0.633935 0.637185 0.635714
400000 0.745291 5 0.743349 0.733533 0.727262 0.759631 0.762680
410000 0.776876 5 0.778738 0.783374 0.798562 0.766051 0.757653
420000 0.846648 5 0.784928 0.778869 0.855682 0.901923 0.911837
430000 0.966603 5 1.010903 0.974614 0.980748 0.957066 0.909686
440000 0.848751 5 0.858762 0.844416 0.867744 0.838374 0.834459
450000 0.877059 5 0.882524 0.865342 0.877531 0.864310 0.895590
460000 0.814301 5 0.894326 0.788406 0.780771 0.821827 0.786177
470000 0.818841 5 0.847195 0.838910 0.803551 0.803299 0.801249
480000 0.829602 5 0.827200 0.821716 0.826834 0.850410 0.821850
490000 0.943271 5 0.913183 0.954089 0.915718 0.939188 0.994178
500000 0.929929 5 0.891516 0.977547 0.976820 0.928158 0.875603
