10000 0.024558 5 0.031524 0.021282 0.023093 0.040024 0.006864
20000 0.028340 5 0.025726 0.027272 0.024897 0.035808 0.027997
30000 0.038427 5 0.041610 0.052677 0.049279 0.024375 0.024194
40000 0.045498 5 0.043511 0.046486 0.054041 0.033331 0.050119
50000 0.057676 5 0.056037 0.053596 0.062271 0.060404 0.056070
60000 0.065962 5 0.063621 0.064503 0.065877 0.060370 0.075438
70000 0.079706 5 0.086483 0.071676 0.098057 0.069627 0.072685
80000 0.086905 5 0.084939 0.095926 0.084631 0.081403 0.087626
90000 0.089935 5 0.092874 0.090531 0.083608 0.088428 0.094237
100000 0.099870 5 0.093602 0.108563 0.095474 0.101407 0.100302
110000 0.115397 5 0.112736 0.114275 0.125143 0.113725 0.111107
120000 0.131963 5 0.137393 0.131210 0.124161 0.130270 0.136779
130000 0.141530 5 0.148881 0.142627 0.120958 0.159439 0.135745
140000 0.151112 5 0.150378 0.151664 0.151529 0.151109 0.150883
150000 0.152863 5 0.150384 0.158585 0.169707 0.160074 0.125565
160000 0.160834 5 0.168024 0.164378 0.170099 0.150940 0.150731
170000 0.186096 5 0.176430 0.190643 0.169328 0.223030 0.171046
180000 0.187835 5 0.212113 0.164032 0.198090 0.199589 0.165351
190000 0.208681 5 0.223271 0.180770 0.222142 0.211076 0.206148
200000 0.214618 5 0.217122 0.238808 0.199263 0.244086 0.173809
210000 0.219912 5 0.197007 0.223717 0.228738 0.222051 0.228050
220000 0.232054 5 0.246309 0.200814 0.247364 0.216547 0.249235
230000 0.209405 5 0.216095 0.215961 0.210951 0.201249 0.202770
240000 0.264739 5 0.284608 0.256114 0.266570 0.261315 0.255090
250000 0.247448 5 0.219123 0.250693 0.219000 0.275103 0.273321
260000 0.266178 5 0.243670 0.303789 0.253062 0.248739 0.281630
270000 0.293473 5 0.278606 0.274134 0.304296 0.302357 0.307971
280000 0.334737 5 0.356182 0.376170 0.342501 0.326662 0.272171
290000 0.298015 5 0.292450 0.309809 0.318739 0.293019 0.276057
300000 0.340541 5 0.343819 0.324796 0.345150 0.336429 0.352509
310000 0.367989 5 0.349084 0.363914 0.368648 0.377579 0.380722
320000 0.351479 5 0.332104 0.342093 0.358649 0.360963 0.363588
330000 0.336474 5 0.316503 0.354274 0.315589 0.331565 0.364438
340000 0.399163 5 0.420922 0.430514 0.396637 0.389017 0.358724
350000 0.362844 5 0.398558 0.365964 0.307128 0.365252 0.377315
360000 0.372765 5 0.380717 0.359719 0.390779 0.361756 0.370855
370000 0.385455 5 0.413650 0.386488 0.399442 0.355486 0.372211
380000 0.365651 5 0.335127 0.377384 0.393467 0.360849 0.361426
390000 0.403515 5 0.381319 0.388401 0.365067 0.443885 0.438901
400000 0.420403 5 0.445939 0.387545 0.447617 0.465153 0.355758
410000 0.452792 5 0.438045 0.418015 0.474362 0.508898 0.424638
420000 0.448863 5 0.509702 0.507257 0.391445 0.436604 0.399308
430000 0.441425 5 0.410738 0.413579 0.525418 0.437811 0.419577
440000 0.484089 5 0.515312 0.546114 0.508245 0.480251 0.370522
450000 0.424449 5 0.454259 0.401453 0.424763 0.392119 0.449652
460000 0.451235 5 0.407659 0.466579 0.500593 0.427613 0.453733
470000 0.459605 5 0.437132 0.519809 0.390645 0.498029 0.452412
480000 0.456865 5 0.499921 0.425772 0.440523 0.478827 0.439282
490000 0.479235 5 0.459947 0.478274 0.450450 0.483761 0.523742
500000 0.476706 5 0.433963 0.499557 0.476958 0.491182 0.481868
