10000 0.007693 5 0.006754 0.008380 0.008246 0.008251 0.006833
20000 0.016145 5 0.016698 0.014579 0.016455 0.016524 0.016470
30000 0.023223 5 0.026061 0.022430 0.022332 0.022498 0.022795
40000 0.032308 5 0.037267 0.031050 0.030872 0.031070 0.031282
50000 0.038116 5 0.044456 0.036458 0.036403 0.036599 0.036661
60000 0.051309 5 0.057565 0.045888 0.046455 0.046580 0.060057
70000 0.071980 5 0.070297 0.072336 0.072476 0.072355 0.072434
80000 0.077227 5 0.078329 0.074307 0.067518 0.082266 0.083714
90000 0.085332 5 0.084380 0.085729 0.084848 0.088176 0.083525
100000 0.094758 5 0.093052 0.095188 0.098055 0.093952 0.093543
110000 0.103419 5 0.101909 0.094675 0.110316 0.104584 0.105612
120000 0.115468 5 0.114280 0.107700 0.124102 0.125192 0.106066
130000 0.117913 5 0.124828 0.125625 0.125794 0.105300 0.108018
140000 0.145807 5 0.145080 0.151722 0.153245 0.121627 0.157360
150000 0.149837 5 0.154614 0.161324 0.138866 0.146490 0.147889
160000 0.155158 5 0.153452 0.157123 0.153626 0.155628 0.155959
170000 0.170857 5 0.161105 0.154608 0.145579 0.179676 0.213317
180000 0.173513 5 0.164950 0.181441 0.179029 0.171864 0.170280
190000 0.182652 5 0.162966 0.186279 0.181068 0.191932 0.191013
200000 0.182213 5 0.190501 0.199831 0.194299 0.153993 0.172441
210000 0.201605 5 0.182989 0.212069 0.214786 0.199287 0.198897
220000 0.220907 5 0.225828 0.203234 0.227703 0.217838 0.229933
230000 0.246730 5 0.225837 0.265701 0.244604 0.251184 0.246325
240000 0.241131 5 0.253859 0.222077 0.263478 0.234972 0.231269
250000 0.256691 5 0.283120 0.243899 0.245223 0.246219 0.264992
260000 0.263150 5 0.244802 0.293535 0.286003 0.261990 0.229419
270000 0.262450 5 0.243962 0.273167 0.272436 0.271047 0.251637
280000 0.286182 5 0.266672 0.285087 0.292478 0.285108 0.301566
290000 0.299019 5 0.312222 0.278692 0.292106 0.301120 0.310954
300000 0.313574 5 0.335544 0.288583 0.275753 0.359831 0.308156
310000 0.327875 5 0.324368 0.325580 0.332598 0.345989 0.310840
320000 0.325757 5 0.333534 0.319715 0.319278 0.333472 0.322787
330000 0.334759 5 0.301822 0.359014 0.309396 0.350366 0.353197
340000 0.298813 5 0.365081 0.276786 0.282409 0.285083 0.284705
350000 0.356424 5 0.348537 0.372711 0.356071 0.375487 0.329312
360000 0.361967 5 0.378615 0.374420 0.375624 0.355900 0.325274
370000 0.347127 5 0.355648 0.339891 0.391266 0.333227 0.315601
380000 0.369998 5 0.363532 0.403396 0.348387 0.346142 0.388535
390000 0.374573 5 0.431489 0.406085 0.369146 0.351163 0.314979
400000 0.373083 5 0.382216 0.319617 0.338367 0.413799 0.411414
410000 0.403923 5 0.416446 0.408888 0.389247 0.398678 0.406356
420000 0.367528 5 0.433040 0.340300 0.344575 0.344958 0.374766
430000 0.411087 5 0.378286 0.424272 0.424983 0.420226 0.407670
440000 0.424593 5 0.392272 0.403240 0.465011 0.474314 0.388129
450000 0.441997 5 0.469592 0.488130 0.424706 0.409948 0.417610
460000 0.428223 5 0.422733 0.445123 0.425400 0.441740 0.406121
470000 0.454803 5 0.430204 0.485863 0.490338 0.434923 0.432689
480000 0.465485 5 0.463529 0.452335 0.469069 0.496361 0.446131
490000 0.474722 5 0.465458 0.505031 0.437329 0.486300 0.479491
500000 0.491553 5 0.446245 0.507110 0.519482 0.524702 0.460227
